<?xml version="1.0"?>
<opencv_storage>
<calibration_Time>"Tue 16 Oct 2012 07:50:35 PM EDT"</calibration_Time>
<nrOfFrames>25</nrOfFrames>
<image_Width>848</image_Width>
<image_Height>480</image_Height>
<board_Width>9</board_Width>
<board_Height>6</board_Height>
<square_Size>50.</square_Size>
<!-- flags:  +fix_principal_point +zero_tangent_dist -->
<flagValue>12</flagValue>
<Camera_Matrix type_id="opencv-matrix">
  <rows>3</rows>
  <cols>3</cols>
  <dt>d</dt>
  <data>
    4.4987516623911500e+02 0. 4.2350000000000000e+02 0.
    4.5530969705271031e+02 2.3950000000000000e+02 0. 0. 1.</data></Camera_Matrix>
<Distortion_Coefficients type_id="opencv-matrix">
  <rows>5</rows>
  <cols>1</cols>
  <dt>d</dt>
  <data>
    -4.3329062246648303e-01 2.3859528054073145e-01 0. 0.
    -6.8858186448331318e-02</data></Distortion_Coefficients>
<Avg_Reprojection_Error>5.8052373462576701e-01</Avg_Reprojection_Error>
<Per_View_Reprojection_Errors type_id="opencv-matrix">
  <rows>25</rows>
  <cols>1</cols>
  <dt>f</dt>
  <data>
    2.71688014e-01 2.70534426e-01 3.29053044e-01 4.04783368e-01
    5.17047524e-01 5.31383276e-01 5.33758640e-01 6.62143230e-01
    6.33748293e-01 5.68958938e-01 5.79991221e-01 6.29211962e-01
    5.79206467e-01 6.29240096e-01 6.15159750e-01 7.22981334e-01
    7.38642812e-01 6.40616775e-01 7.16647446e-01 6.36016786e-01
    5.80681741e-01 5.69343030e-01 6.08990014e-01 6.41021907e-01
    5.70638418e-01</data></Per_View_Reprojection_Errors>
<!-- a set of 6-tuples (rotation vector + translation vector) for each view -->
<Extrinsic_Parameters type_id="opencv-matrix">
  <rows>25</rows>
  <cols>6</cols>
  <dt>d</dt>
  <data>
    -3.5669071826364467e-02 6.4774314100827610e-02
    -3.1242648235099448e+00 1.8303366358160881e+02
    4.4750847677430208e+01 6.7352727791734696e+02 7.9619131065598956e-03
    1.0924178131866457e-02 -3.1376013002559611e+00
    1.7679595970889963e+02 1.0778445533561749e+02 5.6036559379401922e+02
    5.2000681473522757e-03 -1.5484573385150951e-02
    3.1419283899006341e+00 1.9172217258481928e+02 1.1486830600867734e+02
    5.5754394322831001e+02 2.5125215736391409e-02 5.8314696961605627e-04
    3.1263887069807001e+00 2.2294594776911262e+02 1.5067372346789037e+02
    4.7370488048766430e+02 1.1156781803061807e-03
    -2.1731962479837129e-02 3.1396780674925560e+00
    2.2977730147910137e+02 1.4854003734632371e+02 4.0015590093853615e+02
    1.8804848927866370e-02 -7.8220328805667684e-03
    3.1335839365807590e+00 2.1217330318724049e+02 1.1448994900650472e+02
    3.8172063902453414e+02 -2.9283532361746895e-03
    8.5459638361626901e-05 -3.1325145446577567e+00
    2.0059284349183622e+02 8.8970503951512313e+01 3.8846124251875824e+02
    -5.5212338156135294e-03 -2.0109528805032353e-03
    -3.1216846679407593e+00 2.0197997792862361e+02
    7.0177008435897321e+01 3.8197594494920969e+02
    -5.4678530299635646e-03 4.9642601384823513e-03
    -3.1338954224590188e+00 1.9256267159059286e+02
    5.5125352326137723e+01 3.8053588497665754e+02
    -1.0215434380573978e-02 1.5316838676300267e-02
    -3.1303910316808570e+00 1.9311243592229121e+02
    4.6105913155029761e+01 3.7983578803720565e+02 7.8801058630621826e-03
    2.6245615903903893e-02 3.1417239869860891e+00 2.0527513124476883e+02
    1.7505147533819871e+02 3.6520834555523203e+02
    -2.6816924266279477e-02 -2.2060216548414027e-02
    -3.1399012109705375e+00 2.1283992922814519e+02
    1.8882964965504337e+02 3.5852160356104730e+02 3.9181052755252209e-02
    3.3220542813760995e-02 3.1341015284636966e+00 2.1587601640407746e+02
    2.1177186918777582e+02 3.5714362500987028e+02
    -2.5626503298572571e-02 -1.0417208663351275e-01
    -3.1329170280872489e+00 2.0839953627702585e+02
    1.9916250658601385e+02 3.6979577408314947e+02
    -1.6440879379368847e-02 -1.0122137711668430e-01
    -3.1181684230774649e+00 1.9511073956521298e+02
    1.6120196349965221e+02 3.6826094184572514e+02
    -1.6119658453625577e-02 -8.3980474886333173e-02
    -3.1156315145713256e+00 1.8899019510433865e+02
    1.1059455676184957e+02 3.6008623199123031e+02
    -5.7296686056749709e-02 8.1777098143900172e-03
    -3.1257792781269949e+00 5.6674025791042745e+01
    4.3066594499000132e+01 3.5552374337441626e+02
    -6.2159853398612699e-02 9.2273980654551994e-04
    -3.1287374665159833e+00 5.8242643265099538e+01
    5.0848848583841665e+01 3.5767474314047172e+02
    -6.2559459678103002e-02 -7.1496425352039310e-03
    -3.1292421584266430e+00 5.9421324135046731e+01
    6.1267270159714940e+01 3.5805675580871224e+02 6.1573588333062097e-02
    3.4728906828220024e-02 3.1362782737985304e+00 5.9020395367987852e+01
    8.1986125102690522e+01 3.5681700065199465e+02
    -5.6394602749636195e-02 -1.6161198744160214e-02
    -3.1322138200375056e+00 6.0378673723067358e+01
    8.9299390482459899e+01 3.5087667531984192e+02
    -5.3583635977088477e-02 5.5678503139803409e-03
    -3.1269489394973591e+00 6.3193225861403725e+01
    1.0834971493148394e+02 3.4837646926322094e+02
    -6.9957880058359928e-02 1.2044109560891083e-02
    -3.1379570540753057e+00 7.0415027423487700e+01
    1.5147620470600825e+02 3.5000691941482819e+02
    -6.5718270673283619e-02 6.8441733689106679e-03
    -3.1321708863384332e+00 7.4615119917751869e+01
    1.6777711832267420e+02 3.4960508537354121e+02
    -6.1508265951756798e-02 5.6548749687331222e-03
    -3.1279171636340668e+00 7.9119422899530448e+01
    1.7430966696168238e+02 3.4965805155697223e+02</data></Extrinsic_Parameters>
